119 195
120 233
124 270
132 307
148 343
176 374
206 401
235 431
269 440
305 432
341 407
377 377
408 342
425 302
432 257
435 212
436 168
125 175
143 162
167 163
190 170
213 179
275 173
303 160
331 152
361 150
389 158
245 200
245 227
245 253
246 280
221 293
235 298
250 303
267 296
284 291
157 200
174 191
195 192
213 206
193 207
173 207
296 202
314 187
335 184
354 191
338 200
318 202
189 324
213 321
238 320
256 322
277 318
310 316
346 315
315 356
282 375
260 378
240 377
214 360
200 328
238 330
257 331
277 327
337 319
280 355
259 359
240 357
