84 314
84 360
87 408
92 456
101 503
119 548
149 583
185 608
231 617
283 610
338 589
391 565
433 527
462 483
477 433
483 379
489 325
107 262
124 240
153 235
183 242
213 254
277 260
313 247
351 242
387 251
415 275
241 300
237 328
233 355
229 384
203 419
217 424
232 428
251 426
271 422
141 302
159 292
182 293
198 310
179 313
157 311
308 313
329 299
353 298
373 310
353 318
330 317
177 503
196 484
217 472
231 477
246 474
273 489
302 510
273 525
246 530
230 529
214 526
194 517
190 500
217 489
232 491
247 491
289 506
246 509
231 508
215 505
