73 288
76 324
81 363
89 401
102 436
127 462
156 483
188 500
224 503
257 496
286 474
313 451
332 421
339 386
342 350
345 315
348 279
89 250
107 230
133 223
159 225
185 234
240 232
264 224
290 222
315 228
331 247
211 265
210 290
210 314
210 338
186 365
198 366
212 368
225 365
239 364
115 278
131 266
152 266
170 279
150 284
130 285
252 278
271 265
291 265
307 276
292 282
272 282
161 424
181 408
199 396
212 399
225 395
245 406
265 420
247 435
229 441
215 442
201 442
182 438
169 424
199 416
213 416
225 414
257 420
227 415
214 417
201 416
