141 329
146 378
153 424
164 470
179 512
206 546
246 571
289 591
336 598
384 591
427 570
464 543
487 507
499 465
507 420
514 377
518 330
176 311
201 289
237 284
272 290
305 303
361 300
394 286
431 279
467 288
491 312
334 320
334 345
333 371
333 397
296 420
315 424
334 427
353 424
371 422
223 317
243 304
265 305
284 324
264 325
241 323
384 325
404 305
425 304
445 318
427 323
405 324
256 482
287 474
315 464
334 467
354 463
382 470
410 476
383 496
357 504
336 506
316 505
288 499
268 484
315 477
335 477
354 476
399 477
355 485
336 487
316 486
