-67 256
-63 351
-48 451
-26 544
13 625
81 687
161 734
253 766
344 767
415 739
461 677
502 612
540 544
572 473
596 397
600 323
592 247
23 161
85 129
158 125
231 139
294 169
434 158
476 128
519 107
566 97
600 119
369 244
375 307
382 370
391 434
296 458
336 473
373 487
408 474
433 455
107 246
158 223
214 224
255 258
209 269
154 268
434 252
479 215
526 206
552 229
533 254
487 257
186 541
262 533
327 526
362 534
399 523
433 525
467 529
434 581
400 613
360 622
321 622
257 600
207 545
326 563
361 564
399 557
444 538
398 560
361 570
325 569
