125 360
128 405
132 448
137 493
152 534
179 569
217 596
261 616
306 622
350 610
392 588
427 559
453 523
466 480
470 436
474 393
478 348
152 331
173 311
203 304
232 307
261 318
317 313
348 300
379 294
411 301
435 320
290 350
291 382
292 413
294 443
259 458
275 462
294 468
313 461
331 454
187 359
204 345
226 345
247 363
226 366
204 367
340 358
359 339
382 338
401 351
383 359
361 360
215 494
246 489
276 487
298 489
320 485
351 483
385 483
356 522
325 540
302 544
277 542
246 531
224 496
276 499
299 500
321 497
376 487
323 522
300 526
277 525
