158 241
159 277
166 314
175 348
188 383
208 414
232 437
258 458
291 462
325 456
353 432
377 405
396 372
408 337
414 302
420 266
419 231
161 202
177 180
202 173
228 174
252 183
309 180
335 169
361 165
389 173
406 195
283 217
284 244
285 271
286 298
259 320
273 323
287 324
300 322
313 320
188 230
202 216
224 215
241 227
223 236
202 237
326 226
343 211
365 211
381 222
367 232
346 233
235 380
252 364
272 352
285 356
299 352
319 365
336 381
318 393
299 398
284 398
269 398
251 392
243 378
272 371
285 372
299 372
327 380
298 371
283 372
270 371
